7214204000000014
7214204000000021
7214204000000039
7214204000000047
7214204000000054
7214204000000062
7214204000000070
7214204000000088
7214204000000096
7214204000000104
7214204000000112
7214204000000120
7214204000000138
7214204000000146
7214204000000153
7214204000000161
7214204000000179
7214204000000187
7214204000000197
7214204000000203
7214204000000211
7214204000000229
7214204000000237
7214204000000245
7214204000000252
7214204000000260
7214204000000278
7214204000000286
7214204000000294
7214204000000302
7214204000000310
7214204000000328
7214204000000336
7214204000000344
7214204000000351
7214204000000361
7214204000000377
7214204000000385
7214204000000393
7214204000000401
7214204000000419
7214204000000425
7214204000000435
7214204000000443
7214204000000450
7214204000000468
7214204000000476
7214204000000484
7214204000000492
7214204000000500
7214204000000518
7214204000000526
7214204000000534
7214204000000542
7214204000000559
7214204000000567
7214204000000575
7214204000000583
7214204000000591
7214204000000601
7214204000000617
7214204000000625
7214204000000633
7214204000000641
7214204000000658
7214204000000666
7214204000000674
7214204000000682
7214204000000690
7214204000000708
7214204000000718
7214204000000724
7214204000000732
7214204000000740
7214204000000757
7214204000000765
7214204000000773
7214204000000781
7214204000000799
7214204000000807
7214204000000815
7214204000000823
7214204000000831
7214204000000849
7214204000000856
7214204000000864
7214204000000872
7214204000000880
7214204000000898
7214204000000906
7214204000000914
7214204000000922
7214204000000930
7214204000000948
7214204000000955
7214204000000963
7214204000000971
7214204000000989
7214204000000997
7214204000001007
7214204000001011
7214204000001029
7214204000001039
7214204000001045
7214204000001052
7214204000001060
7214204000001078
7214204000001086
7214204000001094
7214204000001102
7214204000001110
7214204000001128
7214204000001136
7214204000001144
7214204000001151
7214204000001169
7214204000001177
7214204000001185
7214204000001195
7214204000001201
7214204000001219
7214204000001227
7214204000001235
7214204000001243
7214204000001250
7214204000001268
7214204000001276
7214204000001284
7214204000001292
7214204000001300
7214204000001318
7214204000001326
7214204000001334
7214204000001342
7214204000001359
7214204000001367
7214204000001375
7214204000001383
7214204000001391
7214204000001409
7214204000001417
7214204000001425
7214204000001433
7214204000001441
7214204000001451
7214204000001466
7214204000001474
7214204000001482
7214204000001490
7214204000001508
7214204000001516
7214204000001524
7214204000001532
7214204000001540
7214204000001557
7214204000001565
7214204000001575
7214204000001581
7214204000001599
7214204000001607
7214204000001615
7214204000001623
7214204000001631
7214204000001641
7214204000001656
7214204000001664
7214204000001672
7214204000001680
7214204000001698
7214204000001706
7214204000001714
7214204000001722
7214204000001730
7214204000001748
7214204000001755
7214204000001763
7214204000001771
7214204000001789
7214204000001797
7214204000001805
7214204000001813
7214204000001821
7214204000001839
7214204000001847
7214204000001857
7214204000001862
7214204000001870
7214204000001887
7214204000001896
7214204000001904
7214204000001912
7214204000001920
7214204000001938
7214204000001946
7214204000001953
7214204000001961
7214204000001979
7214204000001987
7214204000001995
7214204000002001
7214204000002019
7214204000002027
7214204000002035
7214204000002043
7214204000002050
7214204000002068
7214204000002076
7214204000002084
7214204000002091
7214204000002100
7214204000002118
7214204000002126
7214204000002134
7214204000002142
7214204000002159
7214204000002167
7214204000002175
7214204000002183
7214204000002191
7214204000002209
7214204000002217
7214204000002225
7214204000002235
7214204000002241
7214204000002258
7214204000002266
7214204000002274
7214204000002282
7214204000002290
7214204000002308
7214204000002316
7214204000002326
7214204000002332
7214204000002340
7214204000002357
7214204000002365
7214204000002373
7214204000002381
7214204000002399
7214204000002407
7214204000002415
7214204000002423
7214204000002431
7214204000002449
7214204000002459
7214204000002464
7214204000002472
7214204000002480
7214204000002498
7214204000002508
7214204000002514
7214204000002522
7214204000002532
7214204000002542
7214204000002552
7214204000002562
7214204000002571
7214204000002589
7214204000002597
7214204000002607
7214204000002617
7214204000002627
7214204000002637
7214204000002647
7214204000002657
7214204000002662
7214204000002670
7214204000002688
7214204000002696
7214204000002704
7214204000002712
7214204000002720
7214204000002738
7214204000002746
7214204000002753
7214204000002761
7214204000002779
7214204000002787
7214204000002795
7214204000002803
7214204000002811
7214204000002829
7214204000002837
7214204000002845
7214204000002852
7214204000002860
7214204000002878
7214204000002886
7214204000002894
7214204000002902
7214204000002910
7214204000002928
7214204000002936
7214204000002944
7214204000002951
7214204000002969
7214204000002977
7214204000002985
7214204000002993
7214204000003009
7214204000003017
7214204000003025
7214204000003033
7214204000003041
7214204000003058
7214204000003066
7214204000003074
7214204000003082
7214204000003090
7214204000003108
7214204000003116
7214204000003124
7214204000003132
7214204000003142
7214204000003157
7214204000003165
7214204000003173
7214204000003181
7214204000003199
7214204000003207
7214204000003215
7214204000003223
7214204000003231
7214204000003249
7214204000003256
7214204000003264
7214204000003272
7214204000003280
7214204000003298
7214204000003306
7214204000003314
7214204000003322
7214204000003330
7214204000003348
7214204000003355
7214204000003363
7214204000003373
7214204000003389
7214204000003397
7214204000003403
7214204000003413
7214204000003421
7214204000003439
7214204000003447
7214204000003454
7214204000003462
7214204000003470
7214204000003488
7214204000003496
7214204000003504
7214204000003512
7214204000003520
7214204000003538
7214204000003546
7214204000003553
7214204000003561
7214204000003571
7214204000003587
7214204000003595
7214204000003601
7214204000003611
7214204000003629
7214204000003637
7214204000003647
7214204000003652
7214204000003660
7214204000003678
7214204000003686
7214204000003694
7214204000003702
7214204000003710
7214204000003728
7214204000003736
7214204000003744
7214204000003754
7214204000003769
7214204000003777
7214204000003785
7214204000003793
7214204000003801
7214204000003819
7214204000003827
7214204000003835
7214204000003843
7214204000003850
7214204000003868
7214204000003876
7214204000003884
7214204000003892
7214204000003900
7214204000003918
7214204000003926
7214204000003934
7214204000003942
7214204000003959
7214204000003967
7214204000003975
7214204000003983
7214204000003991
7214204000004007
7214204000004015
7214204000004023
7214204000004031
7214204000004049
7214204000004056
7214204000004064
7214204000004072
7214204000004080
7214204000004098
7214204000004106
7214204000004114
7214204000004122
7214204000004130
7214204000004148
7214204000004155
7214204000004163
7214204000004171
7214204000004189
7214204000004197
7214204000004205
7214204000004213
7214204000004221
7214204000004239
7214204000004247
7214204000004254
7214204000004260
7214204000004270
7214204000004288
7214204000004296
7214204000004304
7214204000004312
7214204000004320
7214204000004338
7214204000004346
7214204000004353
7214204000004361
7214204000004379
7214204000004387
7214204000004395
7214204000004403
7214204000004417
7214204000004427
7214204000004437
7214204000004445
7214204000004452
7214204000004460
7214204000004478
7214204000004486
7214204000004494
7214204000004500
7214204000004510
7214204000004528
7214204000004536
7214204000004544
7214204000004551
7214204000004569
7214204000004577
7214204000004585
7214204000004593
7214204000004601
7214204000004619
7214204000004627
7214204000004635
7214204000004643
7214204000004650
7214204000004668
7214204000004676
7214204000004684
7214204000004692
7214204000004700
7214204000004718
7214204000004726
7214204000004734
7214204000004742
7214204000004759
7214204000004767
7214204000004775
7214204000004783
7214204000004791
7214204000004809
7214204000004817
7214204000004825
7214204000004833
7214204000004841
7214204000004858
7214204000004866
7214204000004874
7214204000004882
7214204000004890
7214204000004908
7214204000004916
7214204000004924
7214204000004932
7214204000004940
7214204000004957
7214204000004967
7214204000004973
7214204000004981
7214204000004999
7214204000005002
7214204000005012
7214204000005020
7214204000005038
7214204000005046
7214204000005053
7214204000005063
7214204000005079
7214204000005087
7214204000005095
7214204000005103
7214204000005111
7214204000005129
7214204000005137
7214204000005145
7214204000005152
7214204000005160
7214204000005178
7214204000005186
7214204000005194
7214204000005202
7214204000005210
7214204000005228
7214204000005236
7214204000005244
7214204000005251
7214204000005269
7214204000005277
7214204000005285
7214204000005295
7214204000005301
7214204000005319
7214204000005327
7214204000005335
7214204000005343
7214204000005350
7214204000005368
7214204000005376
7214204000005384
7214204000005392
7214204000005400
7214204000005418
7214204000005426
7214204000005434
7214204000005442
7214204000005459
7214204000005467
7214204000005475
7214204000005483
7214204000005491
7214204000005509
7214204000005517
7214204000005525
7214204000005533
7214204000005541
7214204000005558
7214204000005566
7214204000005574
7214204000005582
7214204000005590
7214204000005608
7214204000005616
7214204000005624
7214204000005632
7214204000005640
7214204000005657
7214204000005665
7214204000005673
7214204000005681
7214204000005699
7214204000005707
7214204000005715
7214204000005723
7214204000005731
7214204000005749
7214204000005756
7214204000005764
7214204000005772
7214204000005780
7214204000005798
7214204000005808
7214204000005814
7214204000005822
7214204000005830
7214204000005848
7214204000005855
7214204000005863
7214204000005871
7214204000005889
7214204000005897
7214204000005905
7214204000005913
7214204000005921
7214204000005939
7214204000005947
7214204000005954
7214204000005962
7214204000005970
7214204000005988
7214204000005996
7214204000006002
7214204000006010
7214204000006028
7214204000006036
7214204000006044
7214204000006051
7214204000006069
7214204000006077
7214204000006085
7214204000006093
7214204000006101
7214204000006119
7214204000006127
7214204000006135
7214204000006143
7214204000006150
7214204000006166
7214204000006176
7214204000006184
7214204000006192
7214204000006200
7214204000006218
7214204000006226
7214204000006234
7214204000006242
7214204000006259
7214204000006267
7214204000006275
7214204000006283
7214204000006291
7214204000006309
7214204000006317
7214204000006325
7214204000006335
7214204000006341
7214204000006358
7214204000006368
7214204000006374
7214204000006382
7214204000006390
7214204000006408
7214204000006416
7214204000006424
7214204000006432
7214204000006440
7214204000006457
7214204000006465
7214204000006473
7214204000006481
7214204000006499
7214204000006507
7214204000006515
7214204000006523
7214204000006531
7214204000006549
7214204000006559
7214204000006564
7214204000006572
7214204000006580
7214204000006598
7214204000006606
7214204000006614
7214204000006622
7214204000006630
7214204000006648
7214204000006655
7214204000006663
7214204000006671
7214204000006689
7214204000006697
7214204000006705
7214204000006713
7214204000006721
7214204000006739
7214204000006747
7214204000006754
7214204000006762
7214204000006770
7214204000006788
7214204000006796
7214204000006804
7214204000006812
7214204000006820
7214204000006838
7214204000006846
7214204000006853
7214204000006861
7214204000006879
7214204000006887
7214204000006895
7214204000006903
7214204000006911
7214204000006929
7214204000006937
7214204000006945
7214204000006952
7214204000006960
7214204000006978
7214204000006986
7214204000006994
7214204000007000
7214204000007018
7214204000007026
7214204000007034
7214204000007042
7214204000007059
7214204000007067
7214204000007075
7214204000007083
7214204000007091
7214204000007109
7214204000007117
7214204000007125
7214204000007133
7214204000007141
7214204000007158
7214204000007166
7214204000007174
7214204000007182
7214204000007190
7214204000007208
7214204000007216
7214204000007224
7214204000007232
7214204000007240
7214204000007257
7214204000007265
7214204000007273
7214204000007283
7214204000007299
7214204000007307
7214204000007315
7214204000007323
7214204000007331
7214204000007349
7214204000007356
7214204000007364
7214204000007372
7214204000007380
7214204000007398
7214204000007406
7214204000007414
7214204000007422
7214204000007430
7214204000007448
7214204000007455
7214204000007463
7214204000007471
7214204000007489
7214204000007497
7214204000007505
7214204000007515
7214204000007521
7214204000007539
7214204000007547
7214204000007554
7214204000007562
7214204000007570
7214204000007588
7214204000007596
7214204000007604
7214204000007612
7214204000007620
7214204000007638
7214204000007648
7214204000007653
7214204000007661
7214204000007679
7214204000007687
7214204000007695
7214204000007703
7214204000007711
7214204000007729
7214204000007737
7214204000007747
7214204000007752
7214204000007760
7214204000007778
7214204000007786
7214204000007794
7214204000007802
7214204000007810
7214204000007828
7214204000007836
7214204000007844
7214204000007851
7214204000007869
7214204000007877
7214204000007885
7214204000007893
7214204000007901
7214204000007919
7214204000007929
7214204000007935
7214204000007943
7214204000007950
7214204000007968
7214204000007976
7214204000007984
7214204000007992
7214204000008008
7214204000008016
7214204000008024
7214204000008032
7214204000008040
7214204000008057
7214204000008065
7214204000008073
7214204000008081
7214204000008099
7214204000008107
7214204000008115
7214204000008123
7214204000008131
7214204000008149
7214204000008156
7214204000008164
7214204000008172
7214204000008180
7214204000008198
7214204000008206
7214204000008214
7214204000008222
7214204000008230
7214204000008248
7214204000008255
7214204000008263
7214204000008271
7214204000008289
7214204000008297
7214204000008305
7214204000008313
7214204000008321
7214204000008339
7214204000008347
7214204000008354
7214204000008362
7214204000008370
7214204000008388
7214204000008396
7214204000008404
7214204000008412
7214204000008420
7214204000008438
7214204000008446
7214204000008453
7214204000008461
7214204000008479
7214204000008487
7214204000008495
7214204000008503
7214204000008511
7214204000008529
7214204000008537
7214204000008545
7214204000008552
7214204000008560
7214204000008578
7214204000008586
7214204000008594
7214204000008602
7214204000008610
7214204000008628
7214204000008638
7214204000008644
7214204000008651
7214204000008669
7214204000008677
7214204000008685
7214204000008693
7214204000008701
7214204000008719
7214204000008727
7214204000008735
7214204000008743
7214204000008750
7214204000008768
7214204000008776
7214204000008784
7214204000008794
7214204000008800
7214204000008818
7214204000008826
7214204000008834
7214204000008842
7214204000008852
7214204000008867
7214204000008875
7214204000008883
7214204000008891
7214204000008909
7214204000008917
7214204000008925
7214204000008933
7214204000008941
7214204000008958
7214204000008966
7214204000008974
7214204000008982
7214204000008990
7214204000009004
7214204000009014
7214204000009022
7214204000009030
7214204000009048
7214204000009055
7214204000009063
7214204000009071
7214204000009089
7214204000009097
7214204000009105
7214204000009113
7214204000009121
7214204000009131
7214204000009141
7214204000009151
7214204000009162
7214204000009170
7214204000009188
7214204000009196
7214204000009204
7214204000009212
7214204000009220
7214204000009238
7214204000009246
7214204000009253
7214204000009261
7214204000009279
7214204000009287
7214204000009295
7214204000009303
7214204000009311
7214204000009321
7214204000009337
7214204000009345
7214204000009352
7214204000009360
7214204000009378
7214204000009386
7214204000009394
7214204000009402
7214204000009410
7214204000009420
7214204000009436
7214204000009444
7214204000009451
7214204000009469
7214204000009477
7214204000009485
7214204000009493
7214204000009501
7214204000009519
7214204000009527
7214204000009535
7214204000009543
7214204000009550
7214204000009568
7214204000009576
7214204000009584
7214204000009592
7214204000009600
7214204000009618
7214204000009626
7214204000009634
7214204000009642
7214204000009659
7214204000009667
7214204000009675
7214204000009683
7214204000009691
7214204000009709
7214204000009717
7214204000009725
7214204000009733
7214204000009741
7214204000009758
7214204000009766
7214204000009774
7214204000009782
7214204000009790
7214204000009808
7214204000009816
7214204000009824
7214204000009832
7214204000009840
7214204000009857
7214204000009865
7214204000009873
7214204000009881
7214204000009899
7214204000009907
7214204000009915
7214204000009923
7214204000009931
7214204000009949
7214204000009956
7214204000009964
7214204000009972
7214204000009980
7214204000009998
7214204000010004
7214204000010012
7214204000010020
7214204000010038
7214204000010046
7214204000010053
7214204000010061
7214204000010079
7214204000010087
7214204000010095
7214204000010103
7214204000010111
7214204000010129
7214204000010137
7214204000010145
7214204000010152
7214204000010160
7214204000010178
7214204000010186
7214204000010194
7214204000010202
7214204000010210
7214204000010228
7214204000010236
7214204000010244
7214204000010251
7214204000010269
7214204000010277
7214204000010285
7214204000010293
7214204000010301
7214204000010319
7214204000010327
7214204000010335
7214204000010343
7214204000010350
7214204000010368
7214204000010376
7214204000010384
7214204000010392
7214204000010400
7214204000010418
7214204000010426
7214204000010434
7214204000010442
7214204000010452
7214204000010467
7214204000010475
7214204000010483
7214204000010491
7214204000010509
7214204000010517
7214204000010525
7214204000010533
7214204000010541
7214204000010558
7214204000010566
7214204000010574
7214204000010582
7214204000010590
7214204000010608
7214204000010616
7214204000010624
7214204000010632
7214204000010640
7214204000010657
7214204000010665
7214204000010675
7214204000010681
7214204000010699
7214204000010707
7214204000010715
7214204000010723
7214204000010731
7214204000010749
7214204000010756
7214204000010764
7214204000010772
7214204000010780
7214204000010798
7214204000010806
7214204000010814
7214204000010822
7214204000010830
7214204000010848
7214204000010855
7214204000010865
7214204000010871
7214204000010889
7214204000010897
7214204000010905
7214204000010913
7214204000010921
7214204000010939
7214204000010947
7214204000010954
7214204000010962
7214204000010970
7214204000010988
7214204000010996
7214204000011008
7214204000011018
7214204000011028
7214204000011036
7214204000011044
7214204000011051
7214204000011069
7214204000011077
7214204000011085
7214204000011093
7214204000011101
7214204000011119
7214204000011127
7214204000011135
7214204000011143
7214204000011153
7214204000011168
7214204000011176
7214204000011184
7214204000011192
7214204000011200
7214204000011218
7214204000011226
7214204000011234
7214204000011242
7214204000011259
7214204000011267
7214204000011275
7214204000011283
7214204000011291
7214204000011309
7214204000011319
7214204000011325
7214204000011333
7214204000011341
7214204000011358
7214204000011366
7214204000011374
7214204000011382
7214204000011390
7214204000011408
7214204000011416
7214204000011424
7214204000011432
7214204000011440
7214204000011457
7214204000011465
7214204000011473
7214204000011481
7214204000011499
7214204000011507
7214204000011515
7214204000011523
7214204000011531
7214204000011549
7214204000011556
7214204000011566
7214204000011572
7214204000011580
7214204000011598
7214204000011606
7214204000011614
7214204000011622
7214204000011630
7214204000011648
7214204000011655
7214204000011663
7214204000011671
7214204000011689
7214204000011697
7214204000011705
7214204000011713
7214204000011721
7214204000011739
7214204000011747
7214204000011754
7214204000011762
7214204000011770
7214204000011788
7214204000011796
7214204000011804
7214204000011812
7214204000011820
7214204000011838
7214204000011846
7214204000011853
7214204000011863
7214204000011879
7214204000011887
7214204000011895
7214204000011903
7214204000011911
7214204000011929
7214204000011937
7214204000011945
7214204000011952
7214204000011960
7214204000011978
7214204000011986
7214204000011994
7214204000012000
7214204000012018
7214204000012026
7214204000012034
7214204000012042
7214204000012052
7214204000012067
7214204000012075
7214204000012083
7214204000012091
7214204000012109
7214204000012117
7214204000012125
7214204000012133
7214204000012141
7214204000012158
7214204000012166
7214204000012174
7214204000012182
7214204000012190
7214204000012208
7214204000012216
7214204000012224
7214204000012232
7214204000012240
7214204000012257
7214204000012265
7214204000012273
7214204000012281
7214204000012299
7214204000012307
7214204000012315
7214204000012323
7214204000012331
7214204000012349
7214204000012356
7214204000012366
7214204000012372
7214204000012380
7214204000012398
7214204000012406
7214204000012416
7214204000012422
7214204000012430
7214204000012448
7214204000012455
7214204000012463
7214204000012471
7214204000012489
7214204000012497
7214204000012505
7214204000012513
7214204000012521
7214204000012539
7214204000012547
7214204000012554
7214204000012562
7214204000012570
7214204000012588
7214204000012596
7214204000012604
7214204000012612
7214204000012620
7214204000012638
7214204000012646
7214204000012653
7214204000012661
7214204000012679
7214204000012687
7214204000012695
7214204000012703
7214204000012711
7214204000012729
7214204000012739
7214204000012745
7214204000012752
7214204000012760
7214204000012778
7214204000012786
7214204000012794
7214204000012802
7214204000012810
7214204000012828
7214204000012836
7214204000012844
7214204000012851
7214204000012869
7214204000012877
7214204000012885
7214204000012893
7214204000012901
7214204000012919
7214204000012927
7214204000012935
7214204000012943
7214204000012953
7214204000012968
7214204000012976
7214204000012984
7214204000012992
7214204000013008
7214204000013016
7214204000013024
7214204000013032
7214204000013040
7214204000013057
7214204000013065
7214204000013073
7214204000013081
7214204000013099
7214204000013107
7214204000013115
7214204000013123
7214204000013131
7214204000013149
7214204000013156
7214204000013164
7214204000013172
7214204000013180
7214204000013198
7214204000013206
7214204000013214
7214204000013224
7214204000013234
7214204000013248
7214204000013255
7214204000013263
7214204000013271
7214204000013289
7214204000013299
7214204000013305
7214204000013313
7214204000013321
7214204000013339
7214204000013349
7214204000013354
7214204000013362
7214204000013370
7214204000013388
7214204000013398
7214204000013404
7214204000013412
7214204000013420
7214204000013438
7214204000013446
7214204000013453
7214204000013461
7214204000013479
7214204000013487
7214204000013495
7214204000013503
7214204000013511
7214204000013529
7214204000013537
7214204000013545
7214204000013552
7214204000013560
7214204000013578
7214204000013586
7214204000013594
7214204000013602
7214204000013610
7214204000013628
7214204000013636
7214204000013644
7214204000013651
7214204000013661
7214204000013677
7214204000013685
7214204000013693
7214204000013701
7214204000013719
7214204000013727
7214204000013735
7214204000013743
7214204000013750
7214204000013768
7214204000013776
7214204000013784
7214204000013794
7214204000013800
7214204000013818
7214204000013826
7214204000013834
7214204000013842
7214204000013859
7214204000013867
7214204000013875
7214204000013883
7214204000013891
7214204000013909
7214204000013917
7214204000013925
7214204000013933
7214204000013941
7214204000013958
7214204000013966
7214204000013974
7214204000013982
7214204000013990
7214204000014006
7214204000014014
7214204000014022
7214204000014030
7214204000014048
7214204000014055
7214204000014063
7214204000014071
7214204000014089
7214204000014097
7214204000014105
7214204000014113
7214204000014121
7214204000014139
7214204000014147
7214204000014154
7214204000014162
7214204000014170
7214204000014188
7214204000014196
7214204000014204
7214204000014212
7214204000014222
7214204000014238
7214204000014246
7214204000014253
7214204000014261
7214204000014279
7214204000014287
7214204000014295
7214204000014303
7214204000014311
7214204000014329
7214204000014337
7214204000014345
7214204000014352
7214204000014360
7214204000014378
7214204000014386
7214204000014394
7214204000014402
7214204000014410
7214204000014428
7214204000014436
7214204000014444
7214204000014451
7214204000014469
7214204000014477
7214204000014485
7214204000014493
7214204000014501
7214204000014519
7214204000014527
7214204000014535
7214204000014543
7214204000014550
7214204000014568
7214204000014576
7214204000014584
7214204000014592
7214204000014600
7214204000014610
7214204000014626
7214204000014632
7214204000014642
7214204000014659
7214204000014667
7214204000014675
7214204000014683
7214204000014691
7214204000014709
7214204000014717
7214204000014725
7214204000014733
7214204000014741
7214204000014758
7214204000014766
7214204000014774
7214204000014782
7214204000014792
7214204000014808
7214204000014816
7214204000014824
7214204000014832
7214204000014840
7214204000014857
7214204000014865
7214204000014873
7214204000014881
7214204000014899
7214204000014907
7214204000014915
7214204000014923
7214204000014931
7214204000014949
7214204000014956
7214204000014964
7214204000014972
7214204000014980
7214204000014998
7214204000015003
7214204000015011
7214204000015029
7214204000015037
7214204000015045
7214204000015052
7214204000015060
7214204000015078
7214204000015088
7214204000015094
7214204000015102
7214204000015110
7214204000015126
7214204000015136
7214204000015144
7214204000015151
7214204000015169
7214204000015177
7214204000015185
7214204000015193
7214204000015201
7214204000015219
7214204000015225
7214204000015235
7214204000015243
7214204000015250
7214204000015268
7214204000015276
7214204000015284
7214204000015292
7214204000015300
7214204000015318
7214204000015326
7214204000015334
7214204000015342
7214204000015359
7214204000015367
7214204000015375
7214204000015383
7214204000015391
7214204000015409
7214204000015417
7214204000015425
7214204000015433
7214204000015443
7214204000015458
7214204000015466
7214204000015474
7214204000015482
7214204000015490
7214204000015508
7214204000015514
7214204000015524
7214204000015532
7214204000015540
7214204000015557
7214204000015565
7214204000015573
7214204000015581
7214204000015599
7214204000015607
7214204000015615
7214204000015623
7214204000015631
7214204000015649
7214204000015656
7214204000015664
7214204000015672
7214204000015680
7214204000015698
7214204000015704
7214204000015714
7214204000015722
7214204000015730
7214204000015748
7214204000015755
7214204000015763
7214204000015771
7214204000015789
7214204000015797
7214204000015803
7214204000015813
7214204000015821
7214204000015839
7214204000015847
7214204000015854
7214204000015862
7214204000015870
7214204000015888
7214204000015896
7214204000015904
7214204000015912
7214204000015922
7214204000015938
7214204000015946
7214204000015953
7214204000015961
7214204000015979
7214204000015987
7214204000015995
7214204000016001
7214204000016019
7214204000016027
7214204000016035
7214204000016043
7214204000016053
7214204000016068
7214204000016076
7214204000016084
7214204000016092
7214204000016100
7214204000016118
7214204000016126
7214204000016134
7214204000016142
7214204000016159
7214204000016167
7214204000016175
7214204000016183
7214204000016193
7214204000016209
7214204000016217
7214204000016225
7214204000016233
7214204000016241
7214204000016258
7214204000016266
7214204000016274
7214204000016282
7214204000016290
7214204000016308
7214204000016316
7214204000016324
7214204000016332
7214204000016340
7214204000016357
7214204000016365
7214204000016373
7214204000016381
7214204000016399
7214204000016407
7214204000016415
7214204000016423
7214204000016431
7214204000016449
7214204000016456
7214204000016464
7214204000016472
7214204000016480
7214204000016498
7214204000016506
7214204000016512
7214204000016522
7214204000016530
7214204000016548
7214204000016555
7214204000016563
7214204000016571
7214204000016589
7214204000016597
7214204000016605
7214204000016613
7214204000016621
7214204000016639
7214204000016647
7214204000016654
7214204000016662
7214204000016670
7214204000016688
7214204000016696
7214204000016704
7214204000016712
7214204000016720
7214204000016738
7214204000016746
7214204000016753
7214204000016761
7214204000016779
7214204000016787
7214204000016795
7214204000016803
7214204000016811
7214204000016829
7214204000016837
7214204000016845
7214204000016852
7214204000016860
7214204000016878
7214204000016886
7214204000016894
7214204000016902
7214204000016910
7214204000016928
7214204000016936
7214204000016944
7214204000016951
7214204000016969
7214204000016977
7214204000016987
7214204000016993
7214204000017009
7214204000017017
7214204000017025
7214204000017033
7214204000017041
7214204000017058
7214204000017066
7214204000017074
7214204000017084
7214204000017090
7214204000017108
7214204000017116
7214204000017124
7214204000017132
7214204000017140
7214204000017157
7214204000017165
7214204000017173
7214204000017181
7214204000017199
7214204000017207
7214204000017215
7214204000017223
7214204000017233
7214204000017249
7214204000017256
7214204000017264
7214204000017272
7214204000017280
7214204000017298
7214204000017306
7214204000017314
7214204000017322
7214204000017330
7214204000017348
7214204000017355
7214204000017363
7214204000017371
7214204000017389
7214204000017397
7214204000017405
7214204000017413
7214204000017421
7214204000017439
7214204000017447
7214204000017454
7214204000017462
7214204000017470
7214204000017488
7214204000017496
7214204000017504
7214204000017512
7214204000017520
7214204000017530
7214204000017546
7214204000017553
7214204000017561
7214204000017579
7214204000017587
7214204000017595
7214204000017603
7214204000017611
7214204000017629
7214204000017637
7214204000017645
7214204000017652
7214204000017660
7214204000017678
7214204000017686
7214204000017694
7214204000017702
7214204000017710
7214204000017728
7214204000017736
7214204000017744
7214204000017751
7214204000017769
7214204000017777
7214204000017785
7214204000017793
7214204000017801
7214204000017819
7214204000017827
7214204000017835
7214204000017843
7214204000017850
7214204000017868
7214204000017876
7214204000017884
7214204000017892
7214204000017900
7214204000017918
7214204000017926
7214204000017934
7214204000017942
7214204000017959
7214204000017967
7214204000017975
7214204000017983
7214204000017991
7214204000018007
7214204000018015
7214204000018023
7214204000018031
7214204000018049
7214204000018056
7214204000018064
7214204000018072
7214204000018080
7214204000018090
7214204000018106
7214204000018114
7214204000018124
7214204000018130
7214204000018148
7214204000018155
7214204000018163
7214204000018173
7214204000018189
7214204000018197
7214204000018203
7214204000018213
7214204000018221
7214204000018239
7214204000018247
7214204000018254
7214204000018262
7214204000018270
7214204000018288
7214204000018298
7214204000018302
7214204000018312
7214204000018320
7214204000018338
7214204000018346
7214204000018353
7214204000018361
7214204000018379
7214204000018387
7214204000018395
7214204000018403
7214204000018411
7214204000018429
7214204000018437
7214204000018445
7214204000018452
7214204000018460
7214204000018478
7214204000018486
7214204000018494
7214204000018502
7214204000018510
7214204000018528
7214204000018536
7214204000018544
7214204000018554
7214204000018569
7214204000018577
7214204000018585
7214204000018593
7214204000018601
7214204000018619
7214204000018625
7214204000018635
7214204000018643
7214204000018650
7214204000018668
7214204000018676
7214204000018684
7214204000018692
7214204000018700
7214204000018718
7214204000018726
7214204000018734
7214204000018742
7214204000018759
7214204000018767
7214204000018775
7214204000018783
7214204000018791
7214204000018809
7214204000018817
7214204000018825
7214204000018833
7214204000018841
7214204000018858
7214204000018866
7214204000018874
7214204000018884
7214204000018890
7214204000018908
7214204000018916
7214204000018924
7214204000018932
7214204000018940
7214204000018957
7214204000018965
7214204000018973
7214204000018981
7214204000018999
7214204000019005
7214204000019013
7214204000019021
7214204000019039
7214204000019047
7214204000019054
7214204000019062
7214204000019070
7214204000019088
7214204000019096
7214204000019104
7214204000019112
7214204000019120
7214204000019138
7214204000019146
7214204000019153
7214204000019161
7214204000019179
7214204000019187
7214204000019195
7214204000019203
7214204000019211
7214204000019221
7214204000019237
7214204000019245
7214204000019252
7214204000019260
7214204000019278
7214204000019286
7214204000019294
7214204000019302
7214204000019310
7214204000019328
7214204000019336
7214204000019344
7214204000019351
7214204000019369
7214204000019377
7214204000019385
7214204000019393
7214204000019401
7214204000019419
7214204000019427
7214204000019435
7214204000019443
7214204000019450
7214204000019468
7214204000019476
7214204000019484
7214204000019494
7214204000019500
7214204000019518
7214204000019526
7214204000019534
7214204000019542
7214204000019559
7214204000019567
7214204000019575
7214204000019583
7214204000019591
7214204000019609
7214204000019617
7214204000019627
7214204000019633
7214204000019641
7214204000019658
7214204000019666
7214204000019674
7214204000019682
7214204000019690
7214204000019708
7214204000019716
7214204000019724
7214204000019732
7214204000019740
7214204000019757
7214204000019765
7214204000019773
7214204000019781
7214204000019799
7214204000019807
7214204000019815
7214204000019823
7214204000019831
7214204000019849
7214204000019856
7214204000019864
7214204000019872
7214204000019880
7214204000019890
7214204000019906
7214204000019914
7214204000019922
7214204000019932
7214204000019948
7214204000019955
7214204000019963
7214204000019971
7214204000019989
7214204000019997
7214204000020003
7214204000020011
7214204000020029
7214204000020037
7214204000020045
7214204000020052
7214204000020060
7214204000020078
7214204000020086
7214204000020094
7214204000020102
7214204000020110
7214204000020128
7214204000020136
7214204000020144
7214204000020151
7214204000020169
7214204000020177
7214204000020185
7214204000020195
7214204000020201
7214204000020219
7214204000020227
7214204000020235
7214204000020243
7214204000020250
7214204000020268
7214204000020276
7214204000020284
7214204000020292
7214204000020308
7214204000020318
7214204000020326
7214204000020334
7214204000020342
7214204000020359
7214204000020367
7214204000020375
7214204000020383
7214204000020391
7214204000020409
7214204000020417
7214204000020425
7214204000020433
7214204000020441
7214204000020458
7214204000020466
7214204000020474
7214204000020482
7214204000020490
7214204000020508
7214204000020516
7214204000020524
7214204000020532
7214204000020540
7214204000020557
7214204000020565
7214204000020573
7214204000020581
7214204000020599
7214204000020607
7214204000020615
7214204000020623
7214204000020631
7214204000020649
7214204000020656
7214204000020666
7214204000020672
7214204000020680
7214204000020698
7214204000020704
7214204000020714
7214204000020722
7214204000020730
7214204000020748
7214204000020755
7214204000020763
7214204000020771
7214204000020789
7214204000020797
7214204000020805
7214204000020813
7214204000020821
7214204000020839
7214204000020854
7214204000020862
7214204000020864
7214204000020870
7214204000020888
7214204000020896
7214204000020904
7214204000020912
7214204000020928
7214204000020938
7214204000020946
7214204000020953
7214204000020961
7214204000020979
7214204000020987
7214204000020995
7214204000021001
7214204000021019
7214204000021027
7214204000021035
7214204000021043
7214204000021050
7214204000021068
7214204000021076
7214204000021084
7214204000021092
7214204000021100
7214204000021118
7214204000021126
7214204000021136
7214204000021142
7214204000021159
7214204000021167
7214204000021175
7214204000021183
7214204000021191
7214204000021209
7214204000021217
7214204000021225
7214204000021233
7214204000021241
7214204000021258
7214204000021266
7214204000021274
7214204000021282
7214204000021290
7214204000021308
7214204000021316
7214204000021324
7214204000021332
7214204000021340
7214204000021357
7214204000021365
7214204000021373
7214204000021383
7214204000021399
7214204000021407
7214204000021415
7214204000021423
7214204000021431
7214204000021449
7214204000021456
7214204000021464
7214204000021472
7214204000021480
7214204000021498
7214204000021506
7214204000021514
7214204000021522
7214204000021530
7214204000021548
7214204000021558
7214204000021563
7214204000021571
7214204000021589
7214204000021597
7214204000021605
7214204000021613
7214204000021621
7214204000021639
7214204000021647
7214204000021654
7214204000021662
7214204000021670
7214204000021688
7214204000021696
7214204000021704
7214204000021712
7214204000021720
7214204000021738
7214204000021746
7214204000021753
7214204000021761
7214204000021779
7214204000021787
7214204000021795
7214204000021803
7214204000021813
7214204000021829
7214204000021837
7214204000021845
7214204000021852
7214204000021860
7214204000021878
7214204000021886
7214204000021894
7214204000021902
7214204000021910
7214204000021928
7214204000021936
7214204000021944
7214204000021951
7214204000021969
7214204000021977
7214204000021985
7214204000021993
7214204000022009
7214204000022017
7214204000022025
7214204000022033
7214204000022041
7214204000022058
7214204000022066
7214204000022074
7214204000022082
7214204000022090
7214204000022108
7214204000022116
7214204000022124
7214204000022132
7214204000022140
7214204000022157
7214204000022165
7214204000022173
7214204000022181
7214204000022199
7214204000022207
7214204000022215
7214204000022223
7214204000022231
7214204000022249
7214204000022256
7214204000022264
7214204000022272
7214204000022280
7214204000022298
7214204000022306
7214204000022314
7214204000022322
7214204000022330
7214204000022348
7214204000022355
7214204000022363
7214204000022371
7214204000022389
7214204000022397
7214204000022405
7214204000022413
7214204000022421
7214204000022439
7214204000022447
7214204000022454
7214204000022462
7214204000022470
7214204000022488
7214204000022496
7214204000022504
7214204000022512
7214204000022520
7214204000022538
7214204000022546
7214204000022553
7214204000022563
7214204000022579
7214204000022587
7214204000022595
7214204000022603
7214204000022611
7214204000022621
7214204000022637
7214204000022645
7214204000022652
7214204000022660
7214204000022678
7214204000022686
7214204000022694
7214204000022702
7214204000022710
7214204000022728
7214204000022736
7214204000022744
7214204000022751
7214204000022769
7214204000022777
7214204000022787
7214204000022793
7214204000022801
7214204000022819
7214204000022827
7214204000022835
7214204000022843
7214204000022850
7214204000022868
7214204000022876
7214204000022884
7214204000022892
7214204000022900
7214204000022918
7214204000022926
7214204000022934
7214204000022942
7214204000022959
7214204000022967
7214204000022975
7214204000022983
7214204000022991
7214204000023007
7214204000023015
7214204000023023
7214204000023031
7214204000023049
7214204000023056
7214204000023064
7214204000023072
7214204000023080
7214204000023098
7214204000023106
7214204000023114
7214204000023122
7214204000023130
7214204000023148
7214204000023155
7214204000023163
7214204000023171
7214204000023189
7214204000023197
7214204000023205
7214204000023213
7214204000023221
7214204000023239
7214204000023247
7214204000023252
7214204000023262
7214204000023270
7214204000023288
7214204000023296
7214204000023304
7214204000023312
7214204000023320
7214204000023338
7214204000023346
7214204000023353
7214204000023361
7214204000023379
7214204000023387
7214204000023395
7214204000023403
7214204000023411
7214204000023429
7214204000023437
7214204000023445
7214204000023452
7214204000023460
7214204000023478
7214204000023486
7214204000023494
7214204000023502
7214204000023510
7214204000023528
7214204000023536
7214204000023544
7214204000023551
7214204000023569
7214204000023577
7214204000023585
7214204000023593
7214204000023601
7214204000023619
7214204000023627
7214204000023635
7214204000023643
7214204000023650
7214204000023668
7214204000023676
7214204000023684
7214204000023692
7214204000023700
7214204000023718
7214204000023726
7214204000023734
7214204000023742
7214204000023759
7214204000023767
7214204000023775
7214204000023783
7214204000023791
7214204000023809
7214204000023817
7214204000023825
7214204000023833
7214204000023841
7214204000023858
7214204000023866
7214204000023874
7214204000023884
7214204000023890
7214204000023908
7214204000023916
7214204000023924
7214204000023932
7214204000023940
7214204000023957
7214204000023965
7214204000023973
7214204000023981
7214204000023999
7214204000024005
7214204000024013
7214204000024021
7214204000024039
7214204000024047
7214204000024054
7214204000024062
7214204000024070
7214204000024088
7214204000024096
7214204000024104
7214204000024112
7214204000024120
7214204000024138
7214204000024146
7214204000024153
7214204000024161
7214204000024179
7214204000024187
7214204000024195
7214204000024203
7214204000024211
7214204000024226
7214204000024238
7214204000024245
7214204000024252
7214204000024260
7214204000024270
7214204000024286
7214204000024294
7214204000024302
7214204000024310
7214204000024328
7214204000024338
7214204000024344
7214204000024354
7214204000024369
7214204000024377
7214204000024385
7214204000024393
7214204000024401
7214204000024419
7214204000024427
7214204000024435
7214204000024443
7214204000024450
7214204000024468
7214204000024476
7214204000024484
7214204000024492
7214204000024508
7214204000024518
7214204000024526
7214204000024534
7214204000024542
7214204000024559
7214204000024567
7214204000024574
7214204000024583
7214204000024591
7214204000024609
7214204000024617
7214204000024625
7214204000024633
7214204000024641
7214204000024658
7214204000024666
7214204000024674
7214204000024682
7214204000024690
7214204000024708
7214204000024716
7214204000024724
7214204000024732
7214204000024740
7214204000024757
7214204000024765
7214204000024775
7214204000024785
7214204000024799
7214204000024807
7214204000024815
7214204000024823
7214204000024833
7214204000024849
7214204000024856
7214204000024864
7214204000024872
7214204000024880
7214204000024898
7214204000024906
7214204000024914
7214204000024922
7214204000024930
7214204000024948
7214204000024955
7214204000024963
7214204000024971
7214204000024989
7214204000024997
7214204000025002
7214204000025010
7214204000025028
7214204000025036
7214204000025044
7214204000025051
7214204000025069
7214204000025077
7214204000025085
7214204000025093
7214204000025101
7214204000025119
7214204000025127
7214204000025135
7214204000025145
7214204000025150
7214204000025168
7214204000025176
7214204000025184
7214204000025192
7214204000025200
7214204000025218
7214204000025226
7214204000025234
7214204000025242
7214204000025259
7214204000025267
7214204000025275
7214204000025283
7214204000025291
7214204000025309
7214204000025317
7214204000025325
7214204000025333
7214204000025341
7214204000025358
7214204000025366
7214204000025374
7214204000025382
7214204000025390
7214204000025408
7214204000025416
7214204000025424
7214204000025432
7214204000025440
7214204000025457
7214204000025465
7214204000025475
7214204000025481
7214204000025499
7214204000025507
7214204000025515
7214204000025523
7214204000025531
7214204000025549
7214204000025556
7214204000025564
7214204000025572
7214204000025580
7214204000025598
7214204000025606
7214204000025614
7214204000025622
7214204000025630
7214204000025648
7214204000025655
7214204000025663
7214204000025671
7214204000025689
7214204000025697
7214204000025705
7214204000025713
7214204000025721
7214204000025739
7214204000025747
7214204000025754
7214204000025762
7214204000025770
7214204000025788
7214204000025796
7214204000025804
7214204000025812
7214204000025820
7214204000025838
7214204000025846
7214204000025853
7214204000025861
7214204000025879
7214204000025887
7214204000025895
7214204000025903
7214204000025911
7214204000025921
7214204000025931
7214204000025945
7214204000025952
7214204000025960
7214204000025978
7214204000025986
7214204000025994
7214204000026000
7214204000026018
7214204000026026
7214204000026034
7214204000026042
7214204000026059
7214204000026067
7214204000026075
7214204000026083
7214204000026091
7214204000026109
7214204000026117
7214204000026125
7214204000026133
7214204000026143
7214204000026158
7214204000026166
7214204000026174
7214204000026182
7214204000026190
7214204000026208
7214204000026218
7214204000026224
7214204000026232
7214204000026240
7214204000026257
7214204000026265
7214204000026273
7214204000026281
7214204000026299
7214204000026307
7214204000026315
7214204000026325
7214204000026331
7214204000026349
7214204000026356
7214204000026364
7214204000026372
7214204000026380
7214204000026398
7214204000026406
7214204000026414
7214204000026422
7214204000026430
7214204000026448
7214204000026455
7214204000026463
7214204000026471
7214204000026489
7214204000026497
7214204000026505
7214204000026513
7214204000026521
7214204000026531
7214204000026541
7214204000026551
7214204000026561
7214204000026571
7214204000026581
7214204000026591
7214204000026602
7214204000026612
7214204000026620
7214204000026630
7214204000026646
7214204000026653
7214204000026661
7214204000026679
7214204000026687
7214204000026695
7214204000026701
7214204000026711
7214204000026729
7214204000026737
7214204000026745
7214204000026752
7214204000026768
7214204000026778
7214204000026786
7214204000026794
7214204000026802
7214204000026810
7214204000026828
7214204000026836
7214204000026844
7214204000026851
7214204000026869
7214204000026877
7214204000026885
7214204000026893
7214204000026901
7214204000026919
7214204000026927
7214204000026935
7214204000026943
7214204000026950
7214204000026968
7214204000026976
7214204000026984
7214204000026992
7214204000027008
7214204000027016
7214204000027022
7214204000027032
7214204000027040
7214204000027057
7214204000027065
7214204000027073
7214204000027081
7214204000027099
7214204000027107
7214204000027115
7214204000027123
7214204000027131
7214204000027149
7214204000027156
7214204000027164
7214204000027172
7214204000027182
7214204000027198
7214204000027206
7214204000027214
7214204000027222
7214204000027230
7214204000027240
7214204000027255
7214204000027263
7214204000027271
7214204000027289
7214204000027297
7214204000027305
7214204000027313
7214204000027321
7214204000027339
7214204000027347
7214204000027354
7214204000027362
7214204000027370
7214204000027388
7214204000027396
7214204000027404
7214204000027412
7214204000027420
7214204000027438
7214204000027446
7214204000027453
7214204000027463
7214204000027479
7214204000027487
7214204000027495
7214204000027503
7214204000027511
7214204000027521
7214204000027537
7214204000027545
7214204000027552
7214204000027560
7214204000027578
7214204000027586
7214204000027594
7214204000027602
7214204000027610
7214204000027628
7214204000027636
7214204000027644
7214204000027651
7214204000027669
7214204000027677
7214204000027685
7214204000027693
7214204000027701
7214204000027719
7214204000027727
7214204000027735
7214204000027743
7214204000027750
7214204000027768
7214204000027776
7214204000027784
7214204000027792
7214204000027800
7214204000027818
7214204000027826
7214204000027834
7214204000027842
7214204000027859
7214204000027867
7214204000027875
7214204000027883
7214204000027891
7214204000027909
7214204000027917
7214204000027925
7214204000027933
7214204000027941
7214204000027958
7214204000027966
7214204000027974
7214204000027982
7214204000027990
7214204000028006
7214204000028014
7214204000028022
7214204000028030
7214204000028048
7214204000028055
7214204000028063
7214204000028071
7214204000028089
7214204000028097
7214204000028105
7214204000028113
7214204000028121
7214204000028139
7214204000028147
7214204000028154
7214204000028162
7214204000028170
7214204000028188
7214204000028196
7214204000028204
7214204000028212
7214204000028220
7214204000028238
7214204000028246
7214204000028253
7214204000028261
7214204000028279
7214204000028287
7214204000028297
7214204000028303
7214204000028311
7214204000028329
7214204000028337
7214204000028345
7214204000028352
7214204000028360
7214204000028378
7214204000028386
7214204000028394
7214204000028402
7214204000028410
7214204000028428
7214204000028436
7214204000028444
7214204000028451
7214204000028469
7214204000028477
7214204000028485
7214204000028493
7214204000028501
7214204000028519
7214204000028527
7214204000028535
7214204000028543
7214204000028550
7214204000028568
7214204000028576
7214204000028584
7214204000028592
7214204000028600
7214204000028618
7214204000028626
7214204000028634
7214204000028642
7214204000028659
7214204000028669
7214204000028675
7214204000028683
7214204000028691
7214204000028709
7214204000028717
7214204000028725
7214204000028733
7214204000028741
7214204000028758
7214204000028766
7214204000028774
7214204000028782
7214204000028790
7214204000028808
7214204000028816
7214204000028824
7214204000028832
7214204000028840
7214204000028857
7214204000028865
7214204000028873
7214204000028881
7214204000028899
7214204000028907
7214204000028915
7214204000028923
7214204000028931
7214204000028949
7214204000028956
7214204000028964
7214204000028972
7214204000028980
7214204000028998
7214204000029004
7214204000029012
7214204000029020
7214204000029038
7214204000029046
7214204000029053
7214204000029061
7214204000029079
7214204000029087
7214204000029095
7214204000029103
7214204000029111
7214204000029129
7214204000029137
7214204000029145
7214204000029152
7214204000029160
7214204000029178
7214204000029186
7214204000029194
7214204000029202
7214204000029212
7214204000029228
7214204000029236
7214204000029244
7214204000029251
7214204000029269
7214204000029277
7214204000029285
7214204000029295
7214204000029301
7214204000029319
7214204000029327
7214204000029335
7214204000029343
7214204000029350
7214204000029368
7214204000029376
7214204000029384
7214204000029392
7214204000029400
7214204000029418
7214204000029426
7214204000029434
7214204000029442
7214204000029459
7214204000029467
7214204000029475
7214204000029483
7214204000029491
7214204000029509
7214204000029517
7214204000029525
7214204000029533
7214204000029541
7214204000029558
7214204000029566
7214204000029574
7214204000029582
7214204000029590
7214204000029608
7214204000029616
7214204000029624
7214204000029632
7214204000029640
7214204000029657
7214204000029665
7214204000029673
7214204000029681
7214204000029699
7214204000029707
7214204000029715
7214204000029723
7214204000029731
7214204000029749
7214204000029756
7214204000029764
7214204000029772
7214204000029780
7214204000029798
7214204000029806
7214204000029814
7214204000029822
7214204000029830
7214204000029848
7214204000029855
7214204000029863
7214204000029871
7214204000029889
7214204000029899
7214204000029905
7214204000029913
7214204000029921
7214204000029939
7214204000029947
7214204000029954
7214204000029962
7214204000029970
7214204000029988
7214204000029996
7214204000030002
7214204000030010
7214204000030028
7214204000030036
7214204000030044
7214204000030051
7214204000030069
7214204000030077
7214204000030085
7214204000030093
7214204000030101
7214204000030119
7214204000030122
7214204000030135
7214204000030143
7214204000030150
7214204000030168
7214204000030176
7214204000030184
7214204000030192
7214204000030202
7214204000030218
7214204000030226
7214204000030234
7214204000030242
7214204000030259
7214204000030267
7214204000030275
7214204000030283
7214204000030291
7214204000030309
7214204000030317
7214204000030325
7214204000030333
7214204000030341
7214204000030358
7214204000030366
7214204000030374
7214204000030382
7214204000030390
7214204000030408
7214204000030416
7214204000030424
7214204000030432
7214204000030440
7214204000030457
7214204000030465
7214204000030473
7214204000030481
7214204000030499
7214204000030509
7214204000030515
7214204000030523
7214204000030531
7214204000030549
7214204000030556
7214204000030564
7214204000030572
7214204000030580
7214204000030598
7214204000030606
7214204000030614
7214204000030624
7214204000030630
7214204000030648
7214204000030655
7214204000030663
7214204000030671
7214204000030689
7214204000030697
7214204000030705
7214204000030713
7214204000030721
7214204000030739
7214204000030747
7214204000030754
7214204000030762
7214204000030770
7214204000030788
7214204000030796
7214204000030804
7214204000030812
7214204000030822
7214204000030838
7214204000030846
7214204000030853
7214204000030861
7214204000030879
7214204000030887
7214204000030895
7214204000030903
7214204000030911
7214204000030929
7214204000030937
7214204000030945
7214204000030952
7214204000030960
7214204000030978
7214204000030986
7214204000030994
7214204000031000
7214204000031018
7214204000031026
7214204000031034
7214204000031042
7214204000031059
7214204000031067
7214204000031075
7214204000031083
7214204000031091
7214204000031109
7214204000031117
7214204000031125
7214204000031133
7214204000031141
7214204000031158
7214204000031166
7214204000031174
7214204000031182
7214204000031190
7214204000031208
7214204000031216
7214204000031224
7214204000031232
7214204000031240
7214204000031257
7214204000031265
7214204000031273
7214204000031281
7214204000031299
7214204000031307
7214204000031315
7214204000031323
7214204000031331
7214204000031349
7214204000031356
7214204000031364
7214204000031372
7214204000031380
7214204000031398
7214204000031406
7214204000031414
7214204000031424
7214204000031430
7214204000031440
7214204000031455
7214204000031463
7214204000031471
7214204000031481
7214204000031497
7214204000031505
7214204000031513
7214204000031521
7214204000031539
7214204000031547
7214204000031554
7214204000031562
7214204000031570
7214204000031588
7214204000031596
7214204000031604
7214204000031612
7214204000031620
7214204000031638
7214204000031646
7214204000031653
7214204000031661
7214204000031679
7214204000031687
7214204000031695
7214204000031703
7214204000031711
7214204000031729
7214204000031737
7214204000031745
7214204000031752
7214204000031760
7214204000031778
7214204000031786
7214204000031794
7214204000031802
7214204000031810
7214204000031828
7214204000031836
7214204000031844
7214204000031851
7214204000031869
7214204000031877
7214204000031885
7214204000031893
7214204000031901
7214204000031919
7214204000031927
7214204000031935
7214204000031943
7214204000031950
7214204000031968
7214204000031976
7214204000031984
7214204000031992
7214204000032008
7214204000032016
7214204000032024
7214204000032032
7214204000032040
7214204000032057
7214204000032065
7214204000032073
7214204000032081
7214204000032099
7214204000032107
7214204000032115
7214204000032123
7214204000032131
7214204000032149
7214204000032156
7214204000032164
7214204000032172
7214204000032180
7214204000032198
7214204000032206
7214204000032214
7214204000032222
7214204000032230
7214204000032248
7214204000032255
7214204000032263
7214204000032271
7214204000032289
7214204000032297
7214204000032305
7214204000032313
7214204000032321
7214204000032339
7214204000032347
7214204000032354
7214204000032364
7214204000032370
7214204000032388
7214204000032396
7214204000032406
7214204000032412
7214204000032420
7214204000032438
7214204000032446
7214204000032453
7214204000032461
7214204000032479
7214204000032487
7214204000032495
7214204000032503
7214204000032511
7214204000032529
7214204000032537
7214204000032545
7214204000032552
7214204000032560
7214204000032578
7214204000032586
7214204000032594
7214204000032602
7214204000032610
7214204000032628
7214204000032636
7214204000032644
7214204000032654
7214204000032669
7214204000032677
7214204000032685
7214204000032693
7214204000032701
7214204000032719
7214204000032727
7214204000032735
7214204000032743
7214204000032750
7214204000032768
7214204000032776
7214204000032784
7214204000032792
7214204000032800
7214204000032818
7214204000032826
7214204000032834
7214204000032842
7214204000032859
7214204000032869
7214204000032875
7214204000032883
7214204000032891
7214204000032909
7214204000032917
7214204000032925
7214204000032935
7214204000032941
7214204000032958
7214204000032966
7214204000032974
7214204000032982
7214204000032990
7214204000033006
7214204000033014
7214204000033022
7214204000033030
7214204000033048
7214204000033055
7214204000033063
7214204000033071
7214204000033089
7214204000033097
7214204000033105
7214204000033113
7214204000033121
7214204000033139
7214204000033147
7214204000033154
7214204000033162
7214204000033170
7214204000033180
7214204000033196
7214204000033204
7214204000033212
7214204000033220
7214204000033238
7214204000033246
7214204000033253
7214204000033261
7214204000033279
7214204000033287
7214204000033295
7214204000033303
7214204000033311
7214204000033329
7214204000033337
7214204000033345
7214204000033352
7214204000033360
7214204000033378
7214204000033386
7214204000033394
7214204000033402
7214204000033410
7214204000033428
7214204000033436
7214204000033444
7214204000033451
7214204000033469
7214204000033477
7214204000033485
7214204000033493
7214204000033501
7214204000033519
7214204000033527
7214204000033535
7214204000033543
7214204000033550
7214204000033568
7214204000033576
7214204000033586
7214204000033592
7214204000033600
7214204000033618
7214204000033626
7214204000033634
7214204000033659
7214204000033667
7214204000033677
7214204000033683
7214204000033691
7214204000033709
7214204000033717
7214204000033725
7214204000033733
7214204000033741
7214204000033758
7214204000033766
7214204000033777
7214204000033782
7214204000033790
7214204000033808
7214204000033816
7214204000033824
7214204000033832
7214204000033840
7214204000033857
7214204000033865
7214204000033873
7214204000033881
7214204000033899
7214204000033907
7214204000033915
7214204000033923
7214204000033931
7214204000033949
7214204000033956
7214204000033964
7214204000033972
7214204000033980
7214204000033998
7214204000034004
7214204000034012
7214204000034020
7214204000034038
7214204000034046
7214204000034053
7214204000034061
7214204000034079
7214204000034087
7214204000034095
7214204000034103
7214204000034111
7214204000034129
7214204000034137
7214204000034145
7214204000034155
7214204000034160
7214204000034178
7214204000034189
7214204000034194
7214204000034202
7214204000034210
7214204000034228
7214204000034236
7214204000034244
7214204000034251
7214204000034269
7214204000034277
7214204000034285
7214204000034293
7214204000034301
7214204000034319
7214204000034327
7214204000034335
7214204000034343
7214204000034350
7214204000034368
7214204000034376
7214204000034384
7214204000034392
7214204000034400
7214204000034418
7214204000034426
7214204000034434
7214204000034442
7214204000034459
7214204000034467
7214204000034475
7214204000034483
7214204000034491
7214204000034509
7214204000034517
7214204000034525
7214204000034533
7214204000034541
7214204000034551
7214204000034566
7214204000034576
7214204000034582
7214204000034590
7214204000034608
7214204000034616
7214204000034624
7214204000034632
7214204000034640
7214204000034657
7214204000034665
7214204000034673
7214204000034681
7214204000034699
7214204000034707
7214204000034715
7214204000034723
7214204000034731
7214204000034749
7214204000034756
7214204000034764
7214204000034772
7214204000034780
7214204000034798
7214204000034806
7214204000034814
7214204000034822
7214204000034830
7214204000034848
7214204000034855
7214204000034863
7214204000034871
7214204000034889
7214204000034897
7214204000034905
7214204000034913
7214204000034921
7214204000034939
7214204000034947
7214204000034954
7214204000034964
7214204000034970
7214204000034988
7214204000034996
7214204000035001
7214204000035019
7214204000035027
7214204000035035
7214204000035043
7214204000035050
7214204000035060
7214204000035076
7214204000035080
7214204000035090
7214204000035100
7214204000035118
7214204000035126
7214204000035134
7214204000035142
7214204000035159
7214204000035167
7214204000035175
7214204000035185
7214204000035191
7214204000035209
7214204000035217
7214204000035225
7214204000035233
7214204000035241
7214204000035258
7214204000035266
7214204000035274
7214204000035282
7214204000035290
7214204000035308
7214204000035316
7214204000035324
7214204000035332
7214204000035340
7214204000035357
7214204000035365
7214204000035373
7214204000035381
7214204000035399
7214204000035407
7214204000035415
7214204000035423
7214204000035431
7214204000035449
7214204000035456
7214204000035464
7214204000035472
7214204000035480
7214204000035498
7214204000035506
7214204000035514
7214204000035522
7214204000035530
7214204000035548
7214204000035555
7214204000035563
7214204000035571
7214204000035589
7214204000035597
7214204000035605
7214204000035613
7214204000035621
7214204000035639
7214204000035647
7214204000035654
7214204000035662
7214204000035670
7214204000035688
7214204000035696
7214204000035704
7214204000035712
7214204000035720
7214204000035738
7214204000035746
7214204000035753
7214204000035761
7214204000035779
7214204000035787
7214204000035795
7214204000035803
7214204000035811
7214204000035829
7214204000035837
7214204000035845
7214204000035852
7214204000035860
7214204000035878
7214204000035886
7214204000035894
7214204000035902
7214204000035910
7214204000035925
7214204000035936
7214204000035944
7214204000035951
7214204000035969
7214204000035977
7214204000035985
7214204000035993
7214204000036009
7214204000036017
7214204000036025
7214204000036033
7214204000036041
7214204000036058
7214204000036066
7214204000036074
7214204000036082
7214204000036090
7214204000036108
7214204000036116
7214204000036124
7214204000036132
7214204000036140
7214204000036157
7214204000036165
7214204000036173
7214204000036181
7214204000036199
7214204000036207
7214204000036215
7214204000036223
7214204000036231
7214204000036249
7214204000036256
7214204000036264
7214204000036272
7214204000036280
7214204000036298
7214204000036306
7214204000036314
7214204000036322
7214204000036330
7214204000036348
7214204000036355
7214204000036363
7214204000036371
7214204000036389
7214204000036397
7214204000036405
7214204000036413
7214204000036421
7214204000036439
7214204000036447
7214204000036454
7214204000036462
7214204000036470
7214204000036488
7214204000036496
7214204000036504
7214204000036512
7214204000036520
7214204000036538
7214204000036546
7214204000036553
7214204000036561
7214204000036579
7214204000036587
7214204000036595
7214204000036603
7214204000036611
7214204000036629
7214204000036637
7214204000036645
7214204000036652
7214204000036660
7214204000036678
7214204000036686
7214204000036694
7214204000036702
7214204000036710
7214204000036728
7214204000036736
7214204000036744
7214204000036751
7214204000036769
7214204000036779
7214204000036785
7214204000036793
7214204000036801
7214204000036819
7214204000036827
7214204000036835
7214204000036843
7214204000036850
7214204000036868
7214204000036876
7214204000036884
7214204000036892
7214204000036900
7214204000036918
7214204000036926
7214204000036934
7214204000036942
7214204000036959
7214204000036967
7214204000036975
7214204000036983
7214204000036991
7214204000037007
7214204000037015
7214204000037023
7214204000037031
7214204000037049
7214204000037056
7214204000037064
7214204000037072
7214204000037080
7214204000037098
7214204000037106
7214204000037114
7214204000037122
7214204000037130
7214204000037148
7214204000037155
7214204000037163
7214204000037171
7214204000037189
7214204000037197
7214204000037205
7214204000037213
7214204000037221
7214204000037239
7214204000037247
7214204000037254
7214204000037262
7214204000037270
7214204000037288
7214204000037296
7214204000037304
7214204000037312
7214204000037320
7214204000037338
7214204000037346
7214204000037353
7214204000037361
7214204000037379
7214204000037387
7214204000037395
7214204000037403
7214204000037411
7214204000037429
7214204000037437
7214204000037445
7214204000037452
7214204000037460
7214204000037478
7214204000037486
7214204000037494
7214204000037502
7214204000037510
7214204000037528
7214204000037536
7214204000037544
7214204000037551
7214204000037569
7214204000037577
7214204000037585
7214204000037593
7214204000037601
7214204000037619
7214204000037627
7214204000037635
7214204000037643
7214204000037650
7214204000037668
7214204000037676
7214204000037684
7214204000037692
7214204000037700
7214204000037718
7214204000037726
7214204000037734
7214204000037742
7214204000037759
7214204000037767
7214204000037783
7214204000037791
7214204000037809
7214204000037817
7214204000037825
7214204000037833
7214204000037841
7214204000037858
7214204000037866
7214204000037874
7214204000037882
7214204000037890
7214204000037908
7214204000037916
7214204000037924
7214204000037932
7214204000037940
7214204000037957
7214204000037965
7214204000037973
7214204000037981
7214204000037999
7214204000038005
7214204000038013
7214204000038021
7214204000038039
7214204000038047
7214204000038054
7214204000038062
7214204000038072
7214204000038088
7214204000038096
7214204000038104
7214204000038112
7214204000038120
7214204000038138
7214204000038146
7214204000038153
7214204000038161
7214204000038179
7214204000038187
7214204000038195
7214204000038203
7214204000038211
7214204000038229
7214204000038237
7214204000038245
7214204000038252
7214204000038260
7214204000038278
7214204000038286
7214204000038294
7214204000038302
7214204000038310
7214204000038328
7214204000038336
7214204000038344
7214204000038351
7214204000038369
7214204000038377
7214204000038385
7214204000038393
7214204000038401
7214204000038419
7214204000038427
7214204000038435
7214204000038443
7214204000038450
7214204000038468
7214204000038476
7214204000038484
7214204000038494
7214204000038500
7214204000038518
7214204000038526
7214204000038534
7214204000038542
7214204000038559
7214204000038567
7214204000038575
7214204000038583
7214204000038591
7214204000038609
7214204000038617
7214204000038625
7214204000038633
7214204000038641
7214204000038658
7214204000038666
7214204000038674
7214204000038682
7214204000038690
7214204000038708
7214204000038716
7214204000038724
7214204000038732
7214204000038740
7214204000038757
7214204000038765
7214204000038773
7214204000038781
7214204000038799
7214204000038807
7214204000038815
7214204000038823
7214204000038831
7214204000038849
7214204000038856
7214204000038864
7214204000038872
7214204000038880
7214204000038898
7214204000038906
7214204000038914
7214204000038922
7214204000038932
7214204000038948
7214204000038955
7214204000038963
7214204000038971
7214204000038989
7214204000038997
7214204000039007
7214204000039011
7214204000039029
7214204000039037
7214204000039045
7214204000039052
7214204000039060
7214204000039078
7214204000039086
7214204000039094
7214204000039102
7214204000039110
7214204000039128
7214204000039136
7214204000039144
7214204000039151
7214204000039169
7214204000039177
7214204000039185
7214204000039193
7214204000039201
7214204000039219
7214204000039229
7214204000039235
7214204000039243
7214204000039250
7214204000039268
7214204000039276
7214204000039284
7214204000039292
7214204000039300
7214204000039318
7214204000039326
7214204000039334
7214204000039342
7214204000039359
7214204000039367
7214204000039375
7214204000039383
7214204000039391
7214204000039409
7214204000039417
7214204000039425
7214204000039433
7214204000039441
7214204000039458
7214204000039466
7214204000039474
7214204000039482
7214204000039490
7214204000039508
7214204000039516
7214204000039524
7214204000039534
7214204000039540
7214204000039557
7214204000039565
7214204000039573
7214204000039581
7214204000039599
7214204000039607
7214204000039615
7214204000039623
7214204000039631
7214204000039649
7214204000039656
7214204000039664
7214204000039672
7214204000039680
7214204000039698
7214204000039706
7214204000039714
7214204000039722
7214204000039730
7214204000039748
7214204000039755
7214204000039763
7214204000039771
7214204000039789
7214204000039799
7214204000039805
7214204000039813
7214204000039821
7214204000039839
7214204000039847
7214204000039854
7214204000039862
7214204000039870
7214204000039888
7214204000039896
7214204000039904
7214204000039912
7214204000039920
7214204000039938
7214204000039946
7214204000039953
7214204000039961
7214204000039979
7214204000039987
7214204000039995
7214204000040001
7214204000040019
7214204000040027
7214204000040035
7214204000040043
7214204000040050
7214204000040068
7214204000040076
7214204000040084
7214204000040092
7214204000040100
7214204000040118
7214204000040126
7214204000040134
7214204000040142
7214204000040159
7214204000040167
7214204000040175
7214204000040183
7214204000040191
7214204000040209
7214204000040217
7214204000040225
7214204000040233
7214204000040241
7214204000040258
7214204000040266
7214204000040274
7214204000040282
7214204000040290
7214204000040308
7214204000040316
7214204000040324
7214204000040332
7214204000040340
7214204000040357
7214204000040365
7214204000040373
7214204000040383
7214204000040399
7214204000040407
7214204000040415
7214204000040423
7214204000040431
7214204000040449
7214204000040456
7214204000040464
7214204000040472
7214204000040480
7214204000040498
7214204000040506
7214204000040514
7214204000040522
7214204000040530
7214204000040548
7214204000040555
7214204000040563
7214204000040571
7214204000040589
7214204000040597
7214204000040605
7214204000040613
7214204000040621
7214204000040639
7214204000040647
7214204000040654
7214204000040662
7214204000040670
7214204000040688
7214204000040696
7214204000040704
7214204000040712
7214204000040720
7214204000040730
7214204000040746
7214204000040753
7214204000040761
7214204000040779
7214204000040787
7214204000040795
7214204000040803
7214204000040811
7214204000040829
7214204000040837
7214204000040845
7214204000040852
7214204000040860
7214204000040878
7214204000040886
7214204000040894
7214204000040902
7214204000040910
7214204000040928
7214204000040936
7214204000040944
7214204000040951
7214204000040969
7214204000040977
7214204000040985
7214204000040993
7214204000041009
7214204000041017
7214204000041025
7214204000041033
7214204000041041
7214204000041058
7214204000041066
7214204000041074
7214204000041082
7214204000041092
7214204000041108
7214204000041116
7214204000041124
7214204000041132
7214204000041140
7214204000041157
7214204000041165
7214204000041173
7214204000041181
7214204000041199
7214204000041207
7214204000041215
7214204000041223
7214204000041231
7214204000041249
7214204000041256
7214204000041264
7214204000041272
7214204000041280
7214204000041298
7214204000041306
7214204000041314
7214204000041322
7214204000041330
7214204000041348
7214204000041355
7214204000041363
7214204000041371
7214204000041389
7214204000041397
7214204000041405
7214204000041413
7214204000041421
7214204000041439
7214204000041447
7214204000041454
7214204000041462
7214204000041470
7214204000041488
7214204000041496
7214204000041504
7214204000041512
7214204000041520
7214204000041538
7214204000041546
7214204000041553
7214204000041561
7214204000041579
7214204000041587
7214204000041595
7214204000041603
7214204000041611
7214204000041629
7214204000041637
7214204000041645
7214204000041652
7214204000041660
7214204000041678
7214204000041686
7214204000041694
7214204000041704
7214204000041710
7214204000041728
7214204000041736
7214204000041744
7214204000041751
7214204000041769
7214204000041777
7214204000041785
7214204000041793
7214204000041801
7214204000041819
7214204000041827
7214204000041835
7214204000041843
7214204000041850
7214204000041868
7214204000041876
7214204000041884
7214204000041892
7214204000041900
7214204000041918
7214204000041926
7214204000041934
7214204000041942
7214204000041959
7214204000041967
7214204000041975
7214204000041983
7214204000041991
7214204000042007
7214204000042015
7214204000042023
7214204000042031
7214204000042049
7214204000042056
7214204000042064
7214204000042072
7214204000042080
7214204000042098
7214204000042106
7214204000042114
7214204000042122
7214204000042130
7214204000042148
7214204000042155
7214204000042163
7214204000042171
7214204000042189
7214204000042197
7214204000042205
7214204000042213
7214204000042221
7214204000042239
7214204000042247
7214204000042254
7214204000042262
7214204000042270
7214204000042288
7214204000042296
7214204000042306
7214204000042312
7214204000042320
7214204000042338
7214204000042346
7214204000042353
7214204000042361
7214204000042379
7214204000042387
7214204000042395
7214204000042403
7214204000042411
7214204000042429
7214204000042437
7214204000042445
7214204000042452
7214204000042460
7214204000042478
7214204000042486
7214204000042494
7214204000042502
7214204000042510
7214204000042528
7214204000042536
7214204000042544
7214204000042551
7214204000042569
7214204000042577
7214204000042585
7214204000042593
7214204000042601
7214204000042619
7214204000042627
7214204000042635
7214204000042643
7214204000042650
7214204000042668
7214204000042676
7214204000042684
7214204000042692
7214204000042700
7214204000042718
7214204000042726
7214204000042734
7214204000042742
7214204000042759
7214204000042767
7214204000042775
7214204000042783
7214204000042791
7214204000042809
7214204000042817
7214204000042825
7214204000042833
7214204000042841
7214204000042858
7214204000042866
7214204000042874
7214204000042882
7214204000042890
7214204000042908
7214204000042916
7214204000042924
7214204000042932
7214204000042940
7214204000042957
7214204000042965
7214204000042973
7214204000042981
7214204000042999
7214204000043005
7214204000043013
7214204000043021
7214204000043039
7214204000043047
7214204000043054
7214204000043062
7214204000043070
7214204000043088
7214204000043096
7214204000043104
7214204000043112
7214204000043120
7214204000043138
7214204000043146
7214204000043153
7214204000043161
7214204000043179
7214204000043187
7214204000043195
7214204000043203
7214204000043211
7214204000043229
7214204000043237
7214204000043245
7214204000043252
7214204000043260
7214204000043278
7214204000043286
7214204000043294
7214204000043302
7214204000043310
7214204000043328
7214204000043336
7214204000043344
7214204000043351
7214204000043369
7214204000043377
7214204000043385
7214204000043393
7214204000043401
7214204000043419
7214204000043427
7214204000043435
7214204000043443
7214204000043450
7214204000043468
7214204000043476
7214204000043484
7214204000043492
7214204000043500
7214204000043518
7214204000043526
7214204000043534
7214204000043542
7214204000043559
7214204000043567
7214204000043575
7214204000043583
7214204000043591
7214204000043609
7214204000043617
7214204000043625
7214204000043633
7214204000043641
7214204000043658
7214204000043666
7214204000043674
7214204000043682
7214204000043690
7214204000043708
7214204000043716
7214204000043724
7214204000043732
7214204000043740
7214204000043757
7214204000043765
7214204000043773
7214204000043781
7214204000043799
7214204000043807
7214204000043815
7214204000043823
7214204000043831
7214204000043849
7214204000043856
7214204000043864
7214204000043872
7214204000043880
7214204000043898
7214204000043906
7214204000043916
7214204000043926
7214204000043930
7214204000043948
7214204000043955
7214204000043963
7214204000043971
7214204000043989
7214204000043997
7214204000044003
7214204000044011
7214204000044029
7214204000044037
7214204000044045
7214204000044052
7214204000044060
7214204000044078
7214204000044086
7214204000044094
7214204000044102
7214204000044110
7214204000044128
7214204000044136
7214204000044144
7214204000044151
7214204000044169
7214204000044177
7214204000044185
7214204000044193
7214204000044201
7214204000044219
7214204000044227
7214204000044235
7214204000044243
7214204000044250
7214204000044268
7214204000044276
7214204000044284
7214204000044292
7214204000044300
7214204000044318
7214204000044326
7214204000044334
7214204000044342
7214204000044359
7214204000044367
7214204000044375
7214204000044383
7214204000044391
7214204000044409
7214204000044417
7214204000044425
7214204000044433
7214204000044441
7214204000044458
7214204000044466
7214204000044474
7214204000044482
7214204000044490
7214204000044508
7214204000044516
7214204000044524
7214204000044532
7214204000044540
7214204000044557
7214204000044565
7214204000044573
7214204000044581
7214204000044599
7214204000044607
7214204000044615
7214204000044623
7214204000044631
7214204000044649
7214204000044656
7214204000044664
7214204000044672
7214204000044680
7214204000044698
7214204000044706
7214204000044714
7214204000044722
7214204000044730
7214204000044748
7214204000044755
7214204000044763
7214204000044771
7214204000044789
7214204000044797
7214204000044805
7214204000044813
7214204000044821
7214204000044839
7214204000044847
7214204000044854
7214204000044862
7214204000044870
7214204000044888
7214204000044896
7214204000044904
7214204000044912
7214204000044920
7214204000044938
7214204000044946
7214204000044953
7214204000044961
7214204000044979
7214204000044987
7214204000044995
7214204000045000
7214204000045018
7214204000045026
7214204000045034
7214204000045042
7214204000045059
7214204000045067
7214204000045075
7214204000045083
7214204000045091
7214204000045109
7214204000045117
7214204000045125
7214204000045133
7214204000045141
7214204000045158
7214204000045166
7214204000045174
7214204000045182
7214204000045190
7214204000045208
7214204000045216
7214204000045224
7214204000045232
7214204000045240
7214204000045257
7214204000045265
7214204000045273
7214204000045281
7214204000045299
7214204000045307
7214204000045315
7214204000045323
7214204000045331
7214204000045349
7214204000045356
7214204000045364
7214204000045372
7214204000045380
7214204000045398
7214204000045406
7214204000045414
7214204000045422
7214204000045430
7214204000045448
7214204000045455
7214204000045463
7214204000045471
7214204000045489
7214204000045497
7214204000045505
7214204000045513
7214204000045521
7214204000045539
7214204000045547
7214204000045554
7214204000045562
7214204000045570
7214204000045588
7214204000045596
7214204000045604
7214204000045612
7214204000045620
7214204000045638
7214204000045646
7214204000045654
7214204000045661
7214204000045674
7214204000045687
7214204000045695
7214204000045703
7214204000045711
7214204000045729
7214204000045737
7214204000045745
7214204000045752
7214204000045760
7214204000045778
7214204000045786
7214204000045794
7214204000045802
7214204000045810
7214204000045828
7214204000045836
7214204000045844
7214204000045851
7214204000045869
7214204000045877
7214204000045885
7214204000045893
7214204000045901
7214204000045919
7214204000045927
7214204000045935
7214204000045943
7214204000045950
7214204000045968
7214204000045976
7214204000045984
7214204000045992
7214204000046008
7214204000046016
7214204000046024
7214204000046032
7214204000046040
7214204000046057
7214204000046065
7214204000046073
7214204000046081
7214204000046099
7214204000046107
7214204000046115
7214204000046123
7214204000046131
7214204000046149
7214204000046156
7214204000046164
7214204000046172
7214204000046180
7214204000046198
7214204000046206
7214204000046214
7214204000046222
7214204000046230
7214204000046248
7214204000046255
7214204000046263
7214204000046271
7214204000046289
7214204000046297
7214204000046305
7214204000046313
7214204000046321
7214204000046339
7214204000046347
7214204000046354
7214204000046362
7214204000046370
7214204000046388
7214204000046396
7214204000046404
7214204000046412
7214204000046420
7214204000046438
7214204000046446
7214204000046453
7214204000046461
7214204000046479
7214204000046487
7214204000046495
7214204000046503
7214204000046511
7214204000046529
7214204000046537
7214204000046545
7214204000046552
7214204000046560
7214204000046578
7214204000046586
7214204000046594
7214204000046602
7214204000046610
7214204000046628
7214204000046636
7214204000046644
7214204000046651
7214204000046669
7214204000046677
7214204000046685
7214204000046693
7214204000046701
7214204000046719
7214204000046727
7214204000046735
7214204000046743
7214204000046750
7214204000046768
7214204000046776
7214204000046784
7214204000046792
7214204000046800
7214204000046818
7214204000046826
7214204000046834
7214204000046842
7214204000046859
7214204000046867
7214204000046875
7214204000046883
7214204000046891
7214204000046909
7214204000046917
7214204000046925
7214204000046933
7214204000046941
7214204000046958
7214204000046966
7214204000046974
7214204000046984
7214204000046994
7214204000047006
7214204000047014
7214204000047022
7214204000047030
7214204000047048
7214204000047055
7214204000047063
7214204000047071
7214204000047089
7214204000047097
7214204000047105
7214204000047113
7214204000047121
7214204000047139
7214204000047147
7214204000047154
7214204000047162
7214204000047170
7214204000047180
7214204000047196
7214204000047204
7214204000047212
7214204000047220
7214204000047238
7214204000047246
7214204000047253
7214204000047261
7214204000047279
7214204000047287
7214204000047295
7214204000047303
7214204000047311
7214204000047329
7214204000047337
7214204000047345
7214204000047352
7214204000047360
7214204000047378
7214204000047386
7214204000047394
7214204000047402
7214204000047410
7214204000047428
7214204000047436
7214204000047444
7214204000047451
7214204000047469
7214204000047477
7214204000047485
7214204000047493
7214204000047501
7214204000047519
7214204000047527
7214204000047535
7214204000047543
